0.000000000000000000e+00
1.009268266303233602e-03
4.064213359873159598e-03
9.245642246425031519e-03
1.668619738058738783e-02
2.656733980220497837e-02
3.911519849931872905e-02
5.459535760844405616e-02
7.330667141693961164e-02
9.557421403179630626e-02
1.217414857053834565e-01
1.521620109077919669e-01
1.871904740934144940e-01
2.271735475431350126e-01
2.724405715361460922e-01
3.232942503177731464e-01
3.800015278309035738e-01
4.427848049607688852e-01
5.118136551436844872e-01
5.871971876926275202e-01
6.689771982250171112e-01
7.571222333024366646e-01
8.515226820235978211e-01
9.519869910820893955e-01
1.058239081989963637e+00
1.169917030070693809e+00
1.286573044766368135e+00
1.407674770116066787e+00
1.532607903295828189e+00
1.660680108218772322e+00
1.791126180727672379e+00
1.923114402212404039e+00
2.055753999889627259e+00
2.188103614795715579e+00
2.319180663067936798e+00
2.447971462570314838e+00
2.573441985589810965e+00
2.694549089386941709e+00
2.810252069964284338e+00
2.919524380630746929e+00
3.021365355854799706e+00
3.114811782512348248e+00
3.198949164940012579e+00
3.272922537091631945e+00
3.335946684462527401e+00
3.387315650101891507e+00
3.426411412823751057e+00
3.452711641289970323e+00
3.465796444862609071e+00
3.465354060509051148e+00
3.451185434433187815e+00
3.423207677014425077e+00
3.381456389782667937e+00
3.326086883127119975e+00
3.257374322898687780e+00
3.175712862597192654e+00
3.081613835173978799e+00
2.975703094181480157e+00
2.858717607896330115e+00
2.731501421715301969e+00
2.595001113433742290e+00
2.450260872732960671e+00
2.298417340150407995e+00
2.140694341911593579e+00
1.978397655172433822e+00
1.812909933482899305e+00
1.645685914651389137e+00
1.478248022786380567e+00
1.312182463240818109e+00
1.149135893723210344e+00
9.908127371671291428e-01
8.389731824000072891e-01
6.954318975202191666e-01
5.620574585681064050e-01
4.407724729357793692e-01
3.335543534352520822e-01
2.424366754529767576e-01
1.695110266209836070e-01
1.169292363596445838e-01
8.690585194892186394e-02
8.172070888526938859e-02
1.037214265915622491e-01
1.553256464408860893e-01
2.390228179151314691e-01
3.573753307857199246e-01
5.130187868324220801e-01
7.086612039158222132e-01
9.470809484695550395e-01
1.231123199625052678e+00
1.563694759422295633e+00
1.947757038709809763e+00
2.386317067472202069e+00
2.882416401079886725e+00
3.439117820319934182e+00
4.059489752593492540e+00
4.746588374101071039e+00
5.503437387757145416e+00
6.333005508476233558e+00
7.238181726014072837e+00
8.221748454972011899e+00
