0.000000000000000000e+00
3.020976242798172062e-03
1.208455414758928884e-02
2.718816548840059452e-02
4.834370968303153271e-02
7.553012813486865984e-02
1.086175433252578870e-01
1.479687261810943011e-01
1.926656703034010376e-01
2.441274971017803885e-01
3.016904703871103877e-01
3.639456937639525824e-01
4.334636871813899450e-01
5.058040854511732798e-01
5.869296714673839510e-01
6.791125013352711237e-01
7.579026542490456819e-01
8.643781199273400384e-01
9.702545023588782236e-01
1.079582462916530039e+00
1.180094365596463968e+00
1.297810640757722567e+00
1.402212655118755036e+00
1.533216738845226246e+00
1.654344865407470611e+00
1.749544692492577269e+00
1.911949447548455305e+00
2.043866859270807357e+00
2.183823689681128055e+00
2.300561490644115192e+00
2.369570018671145917e+00
2.545950432792177143e+00
2.715288718281880342e+00
2.744151631026292115e+00
2.968879929380525695e+00
3.016288729593390894e+00
3.187716774910357209e+00
3.256693786792972833e+00
3.384850753178326066e+00
3.539101998023518547e+00
3.587612194501310192e+00
3.593867342902496986e+00
3.613891157977533908e+00
3.852223854893209065e+00
3.713716470877152620e+00
3.809971500007080181e+00
4.044413850534914978e+00
3.848355156886945849e+00
3.940955435742921065e+00
4.114130675307106522e+00
3.794856465577070015e+00
3.874865331595202633e+00
3.879339413074597065e+00
3.982668376587952697e+00
3.880733782854438374e+00
3.895861147959467807e+00
3.772071672520048491e+00
4.002017301402403859e+00
3.696100216177891973e+00
3.639500501936384413e+00
3.346641190013064815e+00
3.182368701606183681e+00
3.241559800817549686e+00
3.116194665041962963e+00
2.932319331945508090e+00
3.256011292670294210e+00
3.323309673227036409e+00
2.422801646841125311e+00
2.629750910057458757e+00
2.625604404628127941e+00
2.243198582220425230e+00
1.967314746293613581e+00
2.308826826528938447e+00
1.627409974544793414e+00
2.043538337665494531e+00
1.581781682872044348e+00
1.884025233905533003e+00
1.589300122043737495e+00
1.178493120264336724e+00
1.449847774311763704e+00
1.040140488750396885e+00
8.211754142873833873e-01
1.087265278949526293e+00
4.725363864389359181e-01
6.233464065918820074e-01
5.192938313503810965e-01
4.766348760243449556e-01
5.570253381733676346e-01
3.662964593472561314e-01
3.818582313859025801e-01
3.646207027902758635e-01
2.973901829308618905e-01
5.987120204825306657e-02
2.513919887854348945e-01
3.480513812441801691e-02
6.387996213818525337e-02
2.672402878005086455e-02
3.779136989645048156e-02
1.185519631299553900e-01
9.503615582474389881e-03
