0.000000000000000000e+00
3.021250541159706086e-03
1.208797446281595876e-02
2.720876168220866254e-02
4.839684554145624873e-02
7.566850149713529039e-02
1.090408518214862899e-01
1.485291219166770815e-01
1.941434055534019543e-01
2.458850070941367427e-01
3.037424383647527315e-01
3.676871561325198989e-01
4.376691329855710855e-01
5.136123596673501934e-01
5.954103805001472738e-01
6.829219653603602058e-01
7.759670217021423788e-01
8.743228483413885144e-01
9.777208291294219311e-01
1.085843659293762142e+00
1.198323190175632824e+00
1.314738969443315586e+00
1.434617543727413569e+00
1.557432579153051444e+00
1.682605842597305834e+00
1.809509072879582181e+00
1.937466756678783542e+00
2.065759809009151571e+00
2.193630142779662062e+00
2.320286096578140000e+00
2.444908674569405083e+00
2.566658537551684383e+00
2.684683669996022815e+00
2.798127634541756503e+00
2.906138313166657827e+00
3.007877023298430430e+00
3.102527887667052120e+00
3.189307328930886420e+00
3.267473554139860070e+00
3.336335890101369550e+00
3.395263828765090253e+00
3.443695641913570693e+00
3.481146426794213156e+00
3.507215448845026007e+00
3.521592654337246664e+00
3.524064234521609773e+00
3.514517133678200178e+00
3.492942406103979103e+00
3.459437341555680501e+00
3.414206294619580362e+00
3.357560170893424178e+00
3.289914541370113188e+00
3.211786375848129538e+00
3.123789406253357992e+00
3.026628151204258543e+00
2.921090653633571677e+00
2.808040003596898870e+00
2.688404738134546612e+00
2.563168229058462977e+00
2.433357187366430363e+00
2.300029429488091193e+00
2.164261065405005624e+00
2.027133281645481233e+00
1.889718902982361559e+00
1.753068925182974525e+00
1.618199217181061744e+00
1.486077594442108740e+00
1.357611465937061279e+00
1.233636254973712099e+00
1.114904789123167816e+00
1.002077846616131751e+00
8.957160359058624621e-01
7.962731716965079087e-01
7.040912947211284134e-01
6.193974640902970563e-01
5.423024302998937785e-01
4.728012742176037619e-01
4.107760728167244579e-01
3.560006263910597823e-01
3.081472547441652665e-01
2.667956417847143769e-01
2.314436793677785431e-01
2.015202325228599989e-01
1.763997197356008684e-01
1.554183740845687112e-01
1.378920241792247481e-01
1.231352083283159260e-01
1.104814116150958370e-01
9.930419381385036104e-02
8.903895678719919715e-02
7.920508335723752680e-02
6.942816601930346110e-02
5.946203337161648506e-02
4.921027511347375594e-02
3.874696296699653431e-02
2.833626510926379183e-02
1.845065567335169021e-02
9.787428624822069878e-03
3.283236943399714391e-03
1.263932664841149744e-04
