0.000000000000000000e+00
1.009741237674602419e-03
4.071057010912374624e-03
9.284158321465410535e-03
1.677031213441207425e-02
2.691718386586701428e-02
3.943444508750083843e-02
5.525247185326329080e-02
7.452696368495720369e-02
9.750344680511580098e-02
1.240487986673057264e-01
1.578549568408802450e-01
1.955155855233956519e-01
2.362351052264237139e-01
2.867931340066650070e-01
3.436061596664242157e-01
4.048280706084186331e-01
4.688925352856901929e-01
5.357362768480273818e-01
6.169782413016656752e-01
7.198761859536577656e-01
8.246940464529889381e-01
9.172578327963514244e-01
1.028614255894038099e+00
1.175595022310824023e+00
1.273771046706278387e+00
1.383400874201712982e+00
1.562579407287627564e+00
1.744362914932191977e+00
1.840257316477334149e+00
2.030350449884590347e+00
2.129007965458218354e+00
2.336578023240847735e+00
2.461385789291836268e+00
2.602229893997633159e+00
2.744896627610984741e+00
2.830231831680902310e+00
3.014988720151455137e+00
3.103744064793051205e+00
3.304888271550786794e+00
3.343535097964056568e+00
3.417969403451308175e+00
3.666476402332778051e+00
3.768211629681942565e+00
3.691416501002308337e+00
3.835832774663828104e+00
3.955754024266508129e+00
3.848069739190442373e+00
3.966736646333438809e+00
4.012368928519116196e+00
4.039354065861036069e+00
3.931530570962194826e+00
3.964548819642499389e+00
3.812343175309415688e+00
4.048414500430964402e+00
3.649209647386240984e+00
3.754734447930398122e+00
3.541178820477094202e+00
3.427772866810764540e+00
3.384143232681797286e+00
3.292262739346337952e+00
3.321791268996001634e+00
2.699537532101061732e+00
2.725476476851051988e+00
3.292310939292931060e+00
2.416335895445934412e+00
2.151887975943274078e+00
2.234769788736632012e+00
1.648567568393011218e+00
2.067949208586079557e+00
1.682064900960161591e+00
1.581950480695364813e+00
1.517176655944074026e+00
1.232151891333812532e+00
1.473749651844519004e+00
1.026215389856781179e+00
1.029265649875837241e+00
7.874259827824320324e-01
6.391264096773305869e-01
7.333078669379651249e-01
5.293392726930646885e-01
5.034703994657234727e-01
3.486707761020315655e-01
3.327287026003143966e-01
4.278142017897951233e-01
2.899328619717743694e-01
2.957938164517358581e-01
1.452235691289168185e-01
1.236203195931992460e-01
4.417814375910950053e-02
8.782130209454827585e-02
7.210344485281566795e-02
4.877754546859573714e-02
7.739196993215469167e-02
3.312417326468453105e-02
1.079997239103215600e-02
5.364942380863058080e-02
8.370610243762663383e-03
2.262150340126872772e-02
3.176575969284130274e-02
